1
2
3
4
5
6
7
8
9
10
11
12
13
14
15
16
17
18
19
20
21
22
23
24
25
26
27
28
29
30
31
32
33
34
35
36
37
38
39
40
41
42
43
44
45
46
47
48
49
50
51
52
53
54
55
56
57
58
59
60
61
62
63
64
65
66
67
68
69
70
71
72
73
74
75
76
77
78
79
80
81
82
83
84
85
86
87
88
89
90
91
92
93
94
95
96
97
98
99
100
101
102
103
104
105
106
107
108
109
110
111
112
113
114
115
116
117
118
119
120
121
122
123
124
125
126
127
128
129
130
131
132
133
134
135
136
137
138
139
140
141
142
143
144
145
146
147
148
149
150
151
152
153
154
155
156
157
158
159
160
161
162
163
164
165
166
167
168
169
170
171
172
173
174
175
176
177
178
179
180
181
182
183
184
185
186
187
188
189
190
191
192
193
194
195
196
197
198
199
200
201
202
203
204
205
206
207
208
209
210
211
212
213
214
215
216
217
218
219
220
221
222
223
224
225
226
227
228
229
230
231
232
233
234
235
236
237
238
239
240
241
242
243
244
245
246
247
248
249
250
251
252
253
254
255
256
257
258
259
260
261
262
263
264
265
266
267
268
269
270
271
272
273
274
275
276
277
278
279
280
281
282
283
284
285
286
287
288
289
290
291
292
293
294
295
296
297
298
299
300
301
302
303
304
305
306
307
308
309
310
311
312
313
314
315
316
317
318
319
320
321
322
323
324
325
326
327
328
329
330
331
332
333
334
335
336
337
338
339
340
341
342
343
344
345
346
347
348
349
350
351
352
353
354
355
356
357
358
359
360
361
362
363
364
365
366
367
368
369
370
371
372
373
374
375
376
377
378
379
380
381
382
383
384
385
386
387
388
389
390
391
392
393
394
395
396
397
398
399
400
401
402
403
404
405
406
407
408
409
410
411
412
413
414
415
416
417
418
419
420
421
422
423
424
425
426
427
428
429
430
431
432
433
434
435
436
437
438
439
440
441
442
443
444
445
446
447
448
449
450
451
452
453
454
455
456
457
458
459
460
461
462
463
464
465
466
467
468
469
470
471
472
473
474
475
476
477
478
479
480
481
482
483
484
485
486
487
488
489
490
491
492
493
494
495
496
497
498
499
500
501
502
503
504
505
506
507
508
509
510
511
512
513
514
515
516
517
518
519
520
521
522
523
524
525
526
527
528
529
530
531
532
533
534
535
536
537
538
539
540
541
542
543
544
545
546
547
548
549
550
551
552
553
554
555
556
557
558
559
560
561
562
563
564
565
566
567
568
569
570
571
572
573
574
575
576
577
578
579
580
581
582
583
584
585
586
587
588
589
590
591
592
593
594
595
596
597
598
599
600
601
602
603
604
605
606
607
608
609
610
611
612
613
614
615
616
617
618
619
620
621
622
623
624
625
626
627
628
629
630
631
632
633
634
635
636
637
638
639
640
641
642
643
644
645
646
647
648
649
650
651
652
653
654
655
656
657
658
659
660
661
662
663
664
665
666
667
668
669
670
671
672
673
674
675
676
677
678
679
680
681
682
683
684
685
686
687
688
689
690
691
692
693
694
695
696
697
698
699
700
701
702
703
704
705
706
707
708
709
710
711
712
713
714
715
716
717
718
719
720
721
722
723
724
725
726
727
728
729
730
731
732
733
734
735
736
737
738
739
740
741
742
743
744
745
746
747
748
749
750
751
752
753
754
755
756
757
758
759
760
761
762
763
764
765
766
767
768
769
770
771
772
773
774
775
776
777
778
779
780
781
782
783
784
785
786
787
788
789
790
791
792
793
794
795
796
797
798
799
800
801
802
803
804
805
806
807
808
809
810
811
812
813
814
815
816
817
818
819
820
821
822
823
824
825
826
827
828
829
830
831
832
833
834
835
836
837
838
839
840
841
842
843
844
845
846
847
848
849
850
851
852
853
854
855
856
857
858
859
860
861
862
863
864
865
866
867
868
869
870
871
872
873
874
875
876
877
878
879
880
881
882
883
884
885
886
887
888
889
890
891
892
893
894
895
896
897
898
899
900
901
902
903
904
905
906
907
908
909
910
911
912
913
914
915
916
917
918
919
920
921
922
923
924
925
926
927
928
929
930
931
932
933
934
935
936
937
938
939
940
941
942
943
944
945
946
947
948
949
950
951
952
953
954
955
956
957
958
959
960
961
962
963
964
965
966
967
968
969
970
971
972
973
974
975
976
977
978
979
980
981
982
983
984
985
986
987
988
989
990
991
992
993
994
995
996
997
998
999
1
2
3
4
5
6
7
8
9
10
11
12
13
14
15
16
17
18
19
20
21
22
23
24
25
26
27
28
29
30
31
32
33
34
35
36
37
38
39
40
41
42
43
44
45
46
47
48
49
50
51
52
53
54
55
56
57
58
59
60
61
62
63
64
65
66
67
68
69
70
71
72
73
74
1
75
2
76
3
77
4
78
79
5
80
6
81
7
82
8
83
9
84
10
85
11
86
12
87
13
88
14
89
15
90
16
91
17
92
93
18
94
19
95
20
96
21
97
22
98
23
99
24
100
25
101
26
102
27
28
103
29
104
30
105
31
106
32
107
33
108
34
109
35
110
36
111
37
112
38
113
39
114
40
115
41
116
42
117
43
118
44
119
45
120
46
121
47
122
48
123
49
124
50
125
51
126
52
127
53
128
54
129
55
130
56
131
57
132
58
133
59
134
60
135
61
136
62
137
63
138
64
139
65
140
66
141
67
142
68
143
69
144
70
145
71
146
72
147
73
148
74
149
75
150
76
151
77
152
78
153
79
154
80
155
81
156
82
157
83
158
84
159
85
160
86
161
162
87
88
163
89
164
90
165
91
166
92
167
93
168
94
169
95
170
96
171
97
172
173
98
174
99
175
100
176
101
177
102
178
103
179
104
180
105
181
106
182
107
183
108
184
109
185
110
186
111
187
112
188
113
189
114
190
115
191
116
192
117
193
118
194
119
195
120
196
121
197
122
198
123
199
124
200
125
201
126
202
127
203
128
204
129
205
130
206
131
207
132
208
133
209
134
210
135
211
136
212
137
213
138
214
139
215
140
216
141
217
142
218
143
219
144
220
145
221
146
222
147
223
148
224
149
225
150
226
227
151
228
152
153
229
154
230
155
231
156
232
157
233
158
234
159
235
160
236
161
237
162
238
163
239
164
240
165
241
166
242
167
243
168
244
169
245
170
246
171
247
172
248
173
249
174
250
175
176
251
177
252
178
253
179
254
180
255
181
256
182
257
183
258
184
259
185
260
186
261
187
262
188
263
189
264
190
265
191
266
192
267
193
268
194
269
195
270
196
271
272
197
273
198
274
199
275
200
276
201
277
202
278
203
279
204
280
205
281
282
206
283
207
284
208
285
209
286
210
287
211
288
212
289
213
214
290
215
291
216
292
217
293
218
294
219
295
296
220
297
221
298
222
299
223
300
224
301
225
302
226
303
227
304
228
305
229
306
230
307
231
308
232
309
233
310
234
311
235
312
313
236
314
237
315
238
316
239
240
317
241
318
242
319
243
320
244
321
245
322
246
323
247
324
248
325
249
326
250
327
251
328
252
253
329
254
330
331
255
332
256
333
257
334
258
259
335
260
336
261
262
337
263
338
264
339
265
340
266
341
267
342
268
343
269
270
344
271
345
346
272
347
273
348
274
349
275
350
276
351
277
278
352
353
279
354
280
355
281
356
282
357
283
358
284
359
285
360
286
361
287
362
288
363
289
364
290
365
291
366
292
367
293
368
294
369
295
370
296
371
297
372
298
373
299
374
300
375
301
376
302
377
303
378
304
379
305
380
306
381
307
382
308
383
309
384
310
385
311
386
312
387
313
388
314
389
315
390
316
391
317
392
393
318
394
319
320
395
321
396
322
397
323
398
324
399
325
400
326
401
402
327
403
328
329
404
330
405
331
406
332
407
333
408
334
409
335
336
410
337
411
338
412
339
413
340
414
341
415
342
416
343
417
344
418
345
419
346
420
347
421
348
422
349
423
350
424
351
425
352
426
353
427
354
428
355
429
356
430
357
431
358
432
359
433
360
434
361
435
362
436
363
437
364
438
365
439
366
440
367
441
368
442
369
443
370
444
371
445
372
446
373
447
374
448
449
375
376
450
451
377
452
378
453
379
454
380
381
455
382
456
383
457
384
458
385
